0.670000 0.000000 0.000000
0.669811 0.015078 0.002513
0.669574 0.022614 0.003769
0.669242 0.030147 0.005024
0.668816 0.037674 0.006279
0.668295 0.045196 0.007533
0.667680 0.052711 0.008785
0.666971 0.060217 0.010036
0.664277 0.082674 0.013779
0.662012 0.097582 0.016264
0.660739 0.105014 0.017502
0.657913 0.119826 0.019971
0.651150 0.149214 0.024869
0.649229 0.156505 0.026084
0.647217 0.163771 0.027295
0.642919 0.178225 0.029704
0.640634 0.185410 0.030902
0.638259 0.192566 0.032094
0.635794 0.199692 0.033282
0.633240 0.206786 0.034464
0.630597 0.213847 0.035641
0.625046 0.227867 0.037978
0.616064 0.248625 0.041438
0.609643 0.262269 0.043712
0.606305 0.269030 0.044838
0.599375 0.282422 0.047070
0.595784 0.289052 0.048175
0.592110 0.295636 0.049273
0.588354 0.302174 0.050362
0.584516 0.308664 0.051444
0.572517 0.327837 0.054639
0.568358 0.334125 0.055688
0.555410 0.352671 0.058779
0.550940 0.358743 0.059790
0.463951 0.452551 0.075425
0.458234 0.457466 0.076244
0.452454 0.462308 0.077051
0.440716 0.471773 0.078629
0.416544 0.489804 0.081634
0.318625 0.546064 0.091011
0.311744 0.549145 0.091524
0.290875 0.557866 0.092978
0.276786 0.563240 0.093873
0.269692 0.565794 0.094299
0.248225 0.572919 0.095486
0.241012 0.575113 0.095852
0.233771 0.577217 0.096203
0.219214 0.581150 0.096858
0.204562 0.584716 0.097453
0.189826 0.587913 0.097986
0.175014 0.590739 0.098456
0.167582 0.592012 0.098669
0.137714 0.596167 0.099361
0.130217 0.596971 0.099495
0.122711 0.597680 0.099613
0.092614 0.599574 0.099929
0.032326 0.598816 0.099803
0.017289 0.597680 0.099613
0.009783 0.596971 0.099495
0.002286 0.596167 0.099361
-0.027582 0.592012 0.098669
-0.035014 0.590739 0.098456
-0.042429 0.589372 0.098229
-0.057204 0.586361 0.097727
-0.071899 0.582979 0.097163
-0.079214 0.581150 0.096858
-0.101012 0.575113 0.095852
-0.129692 0.565794 0.094299
-0.178625 0.546064 0.091011
-0.192269 0.539643 0.089941
-0.245105 0.510597 0.085099
-0.257837 0.502517 0.083753
-0.276544 0.489804 0.081634
-0.282671 0.485410 0.080902
-0.312454 0.462308 0.077051
-0.318234 0.457466 0.076244
-0.362185 0.416192 0.069365
-0.367381 0.410728 0.068455
-0.397077 0.376615 0.062769
-0.406394 0.364758 0.060793
-0.415410 0.352671 0.058779
-0.419804 0.346544 0.057757
-0.424120 0.340361 0.056727
-0.440597 0.315105 0.052517
-0.452110 0.295636 0.049273
-0.455784 0.289052 0.048175
-0.462882 0.275748 0.045958
-0.466305 0.269030 0.044838
-0.482139 0.234824 0.039137
-0.485046 0.227867 0.037978
-0.487866 0.220875 0.036812
-0.500634 0.185410 0.030902
-0.511150 0.149214 0.024869
-0.512979 0.141899 0.023650
-0.527680 -0.052711 -0.008785
-0.526167 -0.067714 -0.011286
-0.522012 -0.097582 -0.016264
-0.511150 -0.149214 -0.024869
-0.500634 -0.185410 -0.030902
-0.487866 -0.220875 -0.036812
-0.485046 -0.227867 -0.037978
-0.479145 -0.241744 -0.040291
-0.466305 -0.269030 -0.044838
-0.459375 -0.282422 -0.047070
-0.452110 -0.295636 -0.049273
-0.444516 -0.308664 -0.051444
-0.415410 -0.352671 -0.058779
-0.406394 -0.364758 -0.060793
-0.392308 -0.382454 -0.063742
-0.377565 -0.399607 -0.066601
-0.362185 -0.416192 -0.069365
-0.300716 -0.471773 -0.078629
-0.294758 -0.476394 -0.079399
-0.225636 -0.522110 -0.087018
-0.212422 -0.529375 -0.088229
-0.199030 -0.536305 -0.089384
-0.192269 -0.539643 -0.089941
-0.185468 -0.542896 -0.090483
-0.178625 -0.546064 -0.091011
-0.143847 -0.560597 -0.093433
-0.122566 -0.568259 -0.094710
-0.071899 -0.582979 -0.097163
-0.057204 -0.586361 -0.097727
-0.049826 -0.587913 -0.097986
-0.035014 -0.590739 -0.098456
-0.027582 -0.592012 -0.098669
-0.020135 -0.593191 -0.098865
0.062460 -0.599953 -0.099992
0.160135 -0.593191 -0.098865
0.204562 -0.584716 -0.097453
0.233771 -0.577217 -0.096203
0.269692 -0.565794 -0.094299
0.276786 -0.563240 -0.093873
0.283847 -0.560597 -0.093433
0.290875 -0.557866 -0.092978
0.332269 -0.539643 -0.089941
0.359052 -0.525784 -0.087631
0.416544 -0.489804 -0.081634
0.428743 -0.480940 -0.080157
0.475200 -0.442508 -0.073751
0.491590 -0.426921 -0.071154
0.496921 -0.421590 -0.070265
0.502185 -0.416192 -0.069365
0.507381 -0.410728 -0.068455
0.512508 -0.405200 -0.067533
0.517565 -0.399607 -0.066601
0.522551 -0.393951 -0.065659
0.546394 -0.364758 -0.060793
0.555410 -0.352671 -0.058779
0.559804 -0.346544 -0.057757
0.564120 -0.340361 -0.056727
0.568358 -0.334125 -0.055688
0.584516 -0.308664 -0.051444
0.592110 -0.295636 -0.049273
0.599375 -0.282422 -0.047070
0.606305 -0.269030 -0.044838
0.609643 -0.262269 -0.043712
0.612896 -0.255468 -0.042578
0.616064 -0.248625 -0.041438
0.622139 -0.234824 -0.039137
0.627866 -0.220875 -0.036812
0.635794 -0.199692 -0.033282
0.640634 -0.185410 -0.030902
0.647217 -0.163771 -0.027295
0.649229 -0.156505 -0.026084
0.651150 -0.149214 -0.024869
0.652979 -0.141899 -0.023650
0.654716 -0.134562 -0.022427
0.659372 -0.112429 -0.018738
0.660739 -0.105014 -0.017502
0.663191 -0.090135 -0.015023
0.664277 -0.082674 -0.013779
0.665269 -0.075200 -0.012533
0.666167 -0.067714 -0.011286
0.666971 -0.060217 -0.010036
0.667680 -0.052711 -0.008785
0.668295 -0.045196 -0.007533
0.668816 -0.037674 -0.006279
0.669242 -0.030147 -0.005024
0.669574 -0.022614 -0.003769
0.669811 -0.015078 -0.002513
0.669953 -0.007540 -0.001257
